00701010220120103  24  10  36  36  36  36  36  35  35  33  32  30  27  25  23  20  20  14  14  14  17  21  17  17  15  10  16
00701010220120104  20   9  35  20  13  16  19  12  10  15  11   9  10  16   9  13  14  30  31  35  32  30  25  24  25  25  26
00701010220120105  23   5  29  26  25  25  28  28  27  29  28  26  26  26  27-999-999-999-999  23  26  24  22  16  10   8   5
00705230120120201  26  20  33  33  32  31  30  30  29  28  28  26  25  24  23  23  22  22  22  21  20  21  26  28  29  29  30
00705230120120202  32  29  33  30  31  31  32  32  31  29  29  30  31  33  33  33  33  33  33  33  32  32  31  31  32  32  31
00705230120120203  29  23  33  30  30  30  30  29  30  31  30  29  29  32  33  33  32  31  31  30  28  28  27  25  23  25  27
00705230120120204  32  30  36  30  31  31  30  30  30  30  30  30  30  32  33  34  35  36-999-999  34  34  33  32  32  32  33
00705410220120227  40  32  43  42  42  43  43  43  42  42  42  43  43  43  43-999-999  42  41  41  40  38  35  33  33  33  32
00705410220120228  34  23  41  27  27  27  26  23-999  32  33  33  31  32  33  35  36  36  38  40  41  40  40  40  41  41  40
00705410220120229  41  40  44  40  40  40-999-999  40  40  40  40  40  40  41  42  43  43  44  43  43  42  41  42  42  42  42
00705410220120301  41  39  42  42  42  42  42  42  41  40  40  40  40  41  41  40  40  41  41  41  41  41  40  40  39  39  39
00706042920120809  11   2  25  20  16  13  11   8   5   7   2   2   2   2   4  10  17  23  25  17  16  17  14  10   5   5   6
00706042920120810  25   4  54  11  12  11  15  15  12  10   5  11  16  29  42  39  34  31  49  52  54  54  46  35  13   7   4
00706042920120811  20   9  28  16  27  15   9  14  16  23  19  21  21  20  17  18  21  23  27  28  25  26  26  20  22  19  17
00706042920120812  20  11  30  14  12  15  16  14  11  12  19  20  23  28  27  30  29  30  30  29  25  23  24  17  14  12  15
00706140220120531  32  14  47  25  20  21  18  15  14  16  16  19  22  28  33  37  42  42  44  46  44  47  45  44  44  39  38
00706140220120601  25  11  36  36  35  33  30  29  27  25  25  24  24  22  21  22  22  21  19  19  17  11  25  31  31  27  24
00706140220120602  39  26  52  26  28  29  30  30  29  29  33  34  34  36  38  39  45  48  50  51  50  52  48  46  43  41  39
00706140220120603  33  16  41  37  35  34  31  32  30  29  31  33  35  38  39  40  39  39  40  41  37  35  32  27  20  16  18
0706440120120205  31  22  38  22  22  23  27  29  27  24  22  26  30  35  37  38  37  36  35  33  34  33  33  33  34  34  33
00706440120120206  33  29  36  33  33  33  32  31  30  29  29  30  31  33  34  35  36  36  36  33  32  34  35  34  34  33  33
00706440120120207-999  28  32  32  31  29  28  28  28  31  30  29-999-999-999-999-999-999-999-999-999-999-999-999-999-999-999
00706440120120208-999  32  38-999-999-999-999-999-999-999-999-999  33  35  37  38  38  38  38  36  34  35  34  34  33  33  32
00706410120120715  82   2 150  26  18   9  11  13   2  25  33  30 127 105 113 135 109 145 128 139 150 140 121 130  94  85  86
00706410120120716  59  11 150  93 100  87  68  11  13  13  21  24  30  17  14  20  22  17  26  43  37  79 136 135 150 136 122
00706410120120717  64  13 129 129 103 123 118 108  87  76  77  81  82  86  87  89  84  41  23  21  20  19  16  14  14  13  15
00706410120120925   9   3  19  11  11  10   7   7   6   3   4   8   8-999-999-999-999-999-999  19  15  11  10  11  10   9   8
00706410120120926  13   3  23   7   5   7-999-999  11   3   3  16-999-999  22  23  21  20  13  18  18  15  14  14  11  12   4
00706410120120927  16   2  27   9   8  10  10   9   7   6   2   5  17-999-999  22  23  25  27  27  24  22  22  19  21  21  21
00706410120120928  22   8  33  20  18  16  13  15-999  14  10   8  16  23  26  30  33  33  33  33  31  27  27  26  25  23  16
00708021120120318  29  23  35  31  32  32  32  32  25  26  24  27  23  23  29  27  28  33  35  34  34  30  27  27  27  28  24
00708021120120319-999  21  27  21  27  25  26  23  26  26  23  22  23  24  24  23-999-999-999-999-999-999-999-999-999-999-999
00708021120120320-999-999-999-999-999-999-999-999-999-999-999-999-999-999-999-999-999-999-999-999-999-999-999-999-999-999-999
00709100120120706-999  10  25-999-999-999-999-999-999-999-999-999-999-999-999-999-999-999  25  24  25  18  13  12  10  11  11
00709100120120707  19   4  28  10   8   6   4   6  12  19  23  26  28  27  26  27  27  27  27  26  23  20  18  17  13  14  12
00709100120120708  21  12  30  16  17  16  13  12  15  18  21  23  26  27  27  30  30  30  29  29  25  22  18  18  16  12  12
00709120120120225  39  31  43  36  31  32-999  31  34  36  37  36  39  39  42  42  42  43  43  43  41  40  41  40  40  40  38
00709120120120226  38  31  47  37  37  34-999  31  34  35  34  34  36  38  39  39  39  39  39  39  38  39  39  40  44  46  47
00709120120120227  55  39  60  46  45  51-999-999-999-999-999-999  39  55  55  54  54  58  60  58  56  58  59  60  59  59  58
00709200120120816  18   3  35  12  12   8   8   9   6   3  10  15  22  25  29  32  33  32  33  35-999  35  29  14   7   6   4
00709200120120817  23   3  41   7  10   9   8   9   9   3   9  12  24  30  34  36  37  37  38-999  41  40  37  29  26  25  23
00709200120120818  25   2  61  23  19   7   8   5   3   2   9  17  25  38  47  56  57  61-999  39  38  32  28  21  19  10  14
00710012120120619  13   4  23  17  20  23-999  20  14  13  15  18  16  18  19  16  15  18  15   9  10   5   7   6   4   4   4
00710012120120620   9   1  26   3   3   3   2   3   4   5   5   7   9   8  14  17  21  25  23  26  16  17   4   3   3   1   4
00710012120120621   8   0  23   1   4   7   6   3   5   5-999-999-999-999-999-999  21  23  22  21  16  12   2   0   0   0   1
00710013520121026  16   3  25   3  19  25-999  25  22  15  16  20  18  16  17  22  19  15  14  11  10   9  15  12  17  15  14
00710013520121027  15   3  25  15  13  14  11   9  11  12  10   7   5   3   6  15  13  16  23  21  25  25  25  24  21  13  12
00710013520121028  14   2  31   8   6  14  11   8   4   2   5  11  20  25  30  30  31  29  21  17  17  16   3   3   8   7  12
00710110120121204  22   3  39  14  15  14  15  17  15  12   9   3  21  30  30  31  27  24  29  31  30  30  19  12  14  35  39
00710110120121205  28   8  39  39  39  39-999  38  37  35  31  32  33  34  36  34  34  33  20   8  10  15  14  13  16  26  19
00710110120121206  17   5  28   8   6  24  15  12  13  12  12  18  16   9  17  25  25  25  24  24  28  23  21  17  18   9   5
00710140120121023  20  11  24  23  23  24-999  23  23  21  20  19  19  20  20  21  21  21  21  15  11  13  19  18  20  19  19
00710140120121024  18  14  21  19  19  18  19  19  18  17  18  17  18  18  20  21  21  20  21  20  19  19  18  18  14  16  15
00710140120121025   7   0  16  13  11  10   9   7   5   4   5   6   7  11  14  16  14  14  10   7   1   3   2   2   1   0   0
00710140120121026   3   0  11   0   0   1-999   3   2   2   3   3   3   6   7   9  11   9   6   5   1   1   0   0   0   0   0
00710160120120105  24  12  32  30  30  30  29  29-999  32  30  30  27  28  26  29  22  19  21  24  19  18  14  17  15  15  12
00710160120120106  15   1  26  18  18  26  25-999  26  23  20  16  10  12  11  12  13  20  22  19  16  18  14   8   2   1   2
00710160120120107  10   1  21   2   2   2-999   1   1   1   1   1   1   1   5  12  20  21  21  19  20  21  19  19  18  17   8
00710270120121117  28  12  32  30  29  29  29  30  30  30  30  31  31  31  32  32-999  32  32  29  24  29  22  14  30  23  12
00710270120121118  28  14  33  14  14  22  26  28  28  30  30  29  25  21  26-999  32  33  33  33  32  31  31  32  32  31  30
00710270120121119  20   2  30  29  28  29  29  29  25  22  19  16  15  19-999  28  30  30  27  25  23  20   9   7   3   2   3
00710500120120114  26  17  39  19  20  32  29  24  25  21  17  17  21  21-999  34  38  39  38  37  29  33  21  23  21  18  23
00710500120120115  24   9  34  26  26  20  19  12  15  16  10   9   9-999  29  33  34  34  32  27  28  28  28  27  27  27  28
00710500120120116  28  25  30  28  28  26  27  27  27  27  26  25-999  27  27  28  28  28  28  29  29  28  29  30  30  30  30
00710560420120429  36  20  45  27-999  23  23  22  20  22  25  31  34  38  42  43  45  44  43  43  43  42  43  43  42  40  39
00710560420120430  46  41  52  46-999  45  44  44  49  52  49  46  48  47  46  45  46  47  46  44  42  42  41  45  46  45  42
00710560420120501-999  29  37  37-999  34  32  29  30  30-999-999-999-999-999-999-999-999-999-999-999-999-999-999-999-999-999
00710710020120330  30   5  48  32  26  18  22  18  16   5   9  37  45  40  39  45-999  47  47  48  45  41  24  23  23  23  14
00710710020120331  30  12  43  12  18  25  26  26  25  26  25  35  35  37  39-999  40  43  40  40  41  36  32  30  26  22  19
00710710020120401  32  15  42  29  26  26  24  22  28  15  19  30  36  36-999  39  41  42  40  39  39  38  37  30  31  27  34
00712940120120910  28  24  32  29  29  29  29  28-999  28  27  27  25  24  24  25  27  28  29  29  30  28  28  27  32  32  31
00712940120120911  32  30  34  30  31  31  30  32  33  32  32  32  32  33  33  34  34  33  33  33  33  32  32  32  33  33  33
00712940120120912  32  30  33  33  33  33  32  33  33  32  32  31  31  31  30  30  31  31  32  32  32  31  31  31  31  31  32
00712950120121228  31  29  33  29  29  29  30  30  30  30  30  30  30  29  30  31  32  33  32  32  32  31  31  31  31  31  32
00712950120121229  28  25  32  32  31  31  31  31  30  29  29  29  28  28  28  27  28  28  28  27  27  27  25  26  26  27  28
00712950120121230  26  25  28  28  28  28  28  28-999  27  27  27  26  26  26  25  25  25  25  26  26  25  26  26  26  26  26
